// Velocity probes (current-profile stations x=-100,0,+100): the probes FO
// appends ALL points to ONE file per field (postProcessing/uProbes/<t0>/U)
// -- replaces the sets-based uSampling (one file per station per instant).
uProbes
{
    type            probes;
    libs            (sampling);
    writeControl    adjustableRunTime;
    writeInterval   0.2;
    fields          (U);
    probeLocations
    (
        (-100 0 -79.0)
        (-100 0 -76.5)
        (-100 0 -74.0)
        (-100 0 -71.5)
        (-100 0 -69.0)
        (-100 0 -66.5)
        (-100 0 -64.0)
        (-100 0 -61.5)
        (-100 0 -59.0)
        (-100 0 -56.5)
        (-100 0 -54.0)
        (-100 0 -51.5)
        (-100 0 -49.0)
        (-100 0 -46.5)
        (-100 0 -44.0)
        (-100 0 -41.5)
        (-100 0 -39.0)
        (-100 0 -36.5)
        (-100 0 -34.0)
        (-100 0 -31.5)
        (-100 0 -29.0)
        (-100 0 -26.5)
        (-100 0 -24.0)
        (-100 0 -21.5)
        (-100 0 -19.0)
        (-100 0 -16.5)
        (-100 0 -14.0)
        (-100 0 -11.5)
        (-100 0 -9.0)
        (-100 0 -6.5)
        (-100 0 -4.0)
        (-100 0 -1.5)
        (-100 0 1.0)
        (-100 0 3.5)
        (0 0 -79.0)
        (0 0 -76.5)
        (0 0 -74.0)
        (0 0 -71.5)
        (0 0 -69.0)
        (0 0 -66.5)
        (0 0 -64.0)
        (0 0 -61.5)
        (0 0 -59.0)
        (0 0 -56.5)
        (0 0 -54.0)
        (0 0 -51.5)
        (0 0 -49.0)
        (0 0 -46.5)
        (0 0 -44.0)
        (0 0 -41.5)
        (0 0 -39.0)
        (0 0 -36.5)
        (0 0 -34.0)
        (0 0 -31.5)
        (0 0 -29.0)
        (0 0 -26.5)
        (0 0 -24.0)
        (0 0 -21.5)
        (0 0 -19.0)
        (0 0 -16.5)
        (0 0 -14.0)
        (0 0 -11.5)
        (0 0 -9.0)
        (0 0 -6.5)
        (0 0 -4.0)
        (0 0 -1.5)
        (0 0 1.0)
        (0 0 3.5)
        (100 0 -79.0)
        (100 0 -76.5)
        (100 0 -74.0)
        (100 0 -71.5)
        (100 0 -69.0)
        (100 0 -66.5)
        (100 0 -64.0)
        (100 0 -61.5)
        (100 0 -59.0)
        (100 0 -56.5)
        (100 0 -54.0)
        (100 0 -51.5)
        (100 0 -49.0)
        (100 0 -46.5)
        (100 0 -44.0)
        (100 0 -41.5)
        (100 0 -39.0)
        (100 0 -36.5)
        (100 0 -34.0)
        (100 0 -31.5)
        (100 0 -29.0)
        (100 0 -26.5)
        (100 0 -24.0)
        (100 0 -21.5)
        (100 0 -19.0)
        (100 0 -16.5)
        (100 0 -14.0)
        (100 0 -11.5)
        (100 0 -9.0)
        (100 0 -6.5)
        (100 0 -4.0)
        (100 0 -1.5)
        (100 0 1.0)
        (100 0 3.5)
    );
}
